,method,class1,class2,class3,realClass,Name
0,bayes_bow,1.0,6.783058252707646e-28,6.005378022997537e-45,1,D64.txt
1,bayes_bow,2.7994224734656946e-24,1.0,8.850142940402979e-51,2,S23.txt
2,bayes_bow,8.683402768852113e-44,1.080036512139635e-76,1.0,3,P36.txt
3,bayes_bow,0.9999999999679403,3.204459235742315e-11,4.688120461523909e-39,1,D8.txt
4,bayes_bow,1.272154444328699e-29,1.0,4.2808242274680334e-52,2,S18.txt
5,bayes_bow,2.0551725944684102e-41,1.0636877613266994e-69,1.0,3,P36.txt
6,bayes_bow,1.0,4.988759279437936e-33,3.1261351482400792e-49,1,D68.txt
7,bayes_bow,2.5807027370778584e-29,1.0,3.8941033083945477e-50,2,S20.txt
8,bayes_bow,1.856881445014409e-08,6.747029950280169e-06,0.9999932344012807,3,P11.txt
9,bayes_bow,1.0,1.743369516208437e-47,3.011784244504472e-35,1,D59.txt
10,bayes_bow,2.449235421952036e-30,1.0,7.947626678581344e-48,2,S46.txt
11,bayes_bow,0.0002922336481266226,0.23436654708932528,0.7653412192625078,3,P8.txt
12,bayes_bow,1.0,9.35845655995148e-31,4.538284517040631e-50,1,D3.txt
13,bayes_bow,1.815375033862732e-30,1.0,1.932291936296992e-55,2,S54.txt
14,bayes_bow,2.9719315197701008e-77,4.5268696317551696e-91,1.0,3,P65.txt
15,bayes_bow,1.0,3.4147519352575658e-18,2.431409398580719e-33,1,D24.txt
16,bayes_bow,3.6628902128283776e-56,1.0,2.5810920577988145e-72,2,S56.txt
17,bayes_bow,2.3221716446985575e-63,5.039828463835421e-79,1.0,3,P2.txt
18,bayes_bow,1.0,7.035091507063082e-21,6.272083072638884e-41,1,D34.txt
19,bayes_bow,6.432503931218659e-128,1.0,1.9071725848764836e-105,2,S89.txt
20,bayes_bow,6.004403315224384e-33,3.9409369239154874e-36,1.0,3,P45.txt
21,bayes_bow,1.0,2.169667279897801e-48,7.601799910004871e-32,1,D47.txt
22,bayes_bow,1.1017608520935331e-18,1.0,9.609841350391086e-35,2,S44.txt
23,bayes_bow,1.6912900207192698e-16,4.6722218997961684e-21,1.0,3,P43.txt
24,bayes_bow,1.0,2.166926409178795e-47,2.844142559725135e-44,1,D36.txt
25,bayes_bow,6.622569161833489e-31,1.0,1.3660894824160053e-58,2,S53.txt
26,bayes_bow,1.2375195930566458e-22,5.989769365863007e-16,1.0,3,P52.txt
27,bayes_bow,1.0,7.25524256425321e-43,4.4304514647479967e-41,1,D45.txt
28,bayes_bow,2.449235421952036e-30,1.0,7.947626678581344e-48,2,S86.txt
29,bayes_bow,3.736014965757941e-38,1.300507809182716e-64,1.0,3,P88.txt
30,bayes_bow,1.0,1.9639223049672998e-66,2.8355730027938245e-47,1,D47.txt
31,bayes_bow,1.8138229589775842e-30,1.0,6.6337969599952586e-43,2,S85.txt
32,bayes_bow,1.1065846750675306e-49,7.771414653040421e-72,1.0,3,P58.txt
33,bayes_bow,1.0,3.5587984475652647e-22,4.828146035141e-49,1,D13.txt
34,bayes_bow,1.5224056679620165e-58,1.0,2.572216678701064e-65,2,S80.txt
35,bayes_bow,1.2549993291848516e-41,7.555999499246876e-66,1.0,3,P37.txt
36,bayes_bow,1.0,2.1007097855901665e-24,3.160582571619668e-42,1,D82.txt
37,bayes_bow,2.1278186640028407e-32,1.0,6.166046803387874e-51,2,S39.txt
38,bayes_bow,2.254979811228656e-36,3.199878053476084e-43,1.0,3,P17.txt
39,bayes_bow,1.0,2.928145158890454e-56,1.596873984524415e-44,1,D6.txt
40,bayes_bow,5.389612642170261e-25,1.0,1.807316810223603e-38,2,S90.txt
41,bayes_bow,1.1030359738094731e-48,8.431295477617359e-69,1.0,3,P13.txt
42,bayes_bow,1.0,3.577414529016488e-26,1.8429320170609352e-34,1,D42.txt
43,bayes_bow,8.394354828660155e-42,1.0,1.09372325315907e-63,2,S62.txt
44,bayes_bow,1.3384562469259351e-83,1.4056593851070301e-86,1.0,3,P57.txt
45,bayes_bow,1.0,1.2228678175198938e-49,2.392570143690957e-59,1,D74.txt
46,bayes_bow,1.1512679485082521e-27,1.0,3.8666864676001005e-49,2,S55.txt
47,bayes_bow,1.0010445001990951e-21,7.958395826104312e-34,1.0,3,P45.txt
48,bayes_bow,1.0,4.535565747992215e-18,4.377446138709017e-34,1,D84.txt
49,bayes_bow,1.7852503234780469e-31,1.0,3.582808156077389e-52,2,S60.txt
50,bayes_bow,1.634596837377807e-15,3.018746561910409e-47,1.0,3,P9.txt
51,bayes_bow,1.0,9.424261591368275e-18,4.470633547625497e-37,1,D41.txt
52,bayes_bow,3.5126601364829756e-30,1.0,1.6142849267580082e-60,2,S52.txt
53,bayes_bow,4.543891085300681e-61,1.631803441995767e-56,1.0,3,P1.txt
54,bayes_bow,0.9999993722750825,6.277249120521179e-07,1.2699418583988236e-36,1,D22.txt
55,bayes_bow,5.389612642170261e-25,1.0,1.807316810223603e-38,2,S50.txt
56,bayes_bow,2.919370937252435e-37,2.774973723493161e-49,1.0,3,P14.txt
57,bayes_bow,1.0,1.3360830629835712e-44,3.4644405747166245e-41,1,D6.txt
58,bayes_bow,1.575453404186051e-59,1.0,1.0747445393965698e-64,2,S79.txt
59,bayes_bow,3.827601996100294e-44,7.879896972814236e-70,1.0,3,P22.txt
60,bayes_bow,0.999905394961672,9.46050383065914e-05,6.9445390270646355e-37,1,D79.txt
61,bayes_bow,1.09593757383844e-57,1.0,2.13216891356203e-48,2,S41.txt
62,bayes_bow,1.4232203915171777e-58,1.3443732322887469e-65,1.0,3,P18.txt
63,bayes_bow,0.999999999986585,1.341916495971216e-11,2.837421026060628e-28,1,D2.txt
64,bayes_bow,9.623913729438737e-43,1.0,4.8398923841030455e-63,2,S7.txt
65,bayes_bow,4.6343336240550934e-42,6.462260083099026e-57,1.0,3,P51.txt
66,bayes_bow,0.9999999984045189,1.59550337190745e-09,7.829716462072058e-30,1,D62.txt
67,bayes_bow,4.663537379405349e-42,1.0,3.5270152972298583e-66,2,S6.txt
68,bayes_bow,1.4494899282794412e-16,4.822547942047198e-15,1.0,3,P43.txt
69,bayes_bow,1.0,1.540096447273633e-41,4.826005614038459e-44,1,D52.txt
70,bayes_bow,1.0004717314836736e-20,1.0,3.267825729729666e-43,2,S17.txt
71,bayes_bow,6.030290216745185e-27,3.577844892450033e-46,1.0,3,P79.txt
72,bayes_bow,1.0,1.290898567207256e-22,7.660088604367338e-39,1,D25.txt
73,bayes_bow,4.1598223765308645e-38,1.0,3.6665040576961684e-57,2,S20.txt
74,bayes_bow,1.4298491963570827e-36,6.842115421596136e-39,1.0,3,P85.txt
75,bayes_bow,1.0,1.6661990818748127e-29,4.442177968752873e-40,1,D88.txt
76,bayes_bow,2.7465622179394855e-45,1.0,6.159541593680834e-56,2,S42.txt
77,bayes_bow,5.918356699025956e-23,1.2914200140028098e-28,1.0,3,P67.txt
78,bayes_bow,1.0,7.127927521725913e-56,8.303525969950384e-46,1,D60.txt
79,bayes_bow,3.9558890379038606e-26,1.0,8.783813486549745e-50,2,S29.txt
80,bayes_bow,1.38836024985147e-22,2.715448079703161e-35,1.0,3,P20.txt
81,bayes_bow,1.0,2.696330932438463e-29,6.855411944443046e-29,1,D27.txt
82,bayes_bow,6.552727264791273e-38,1.0,3.199398370039691e-40,2,S86.txt
83,bayes_bow,2.4517848043237686e-67,1.6701982816048874e-66,1.0,3,P27.txt
84,bayes_bow,1.0,5.107827396993668e-25,1.888197198856153e-44,1,D43.txt
85,bayes_bow,3.31047250487737e-31,1.0,1.0984940817095667e-48,2,S58.txt
86,bayes_bow,0.05132828861490713,0.9486717113851061,6.813992435886984e-33,3,Fuentes.txt
87,bayes_bow,0.9999992178814171,7.821185827653301e-07,2.028754566880297e-37,1,D22.txt
88,bayes_bow,9.604832008670819e-22,1.0,9.86425760721188e-44,2,S90.txt
89,bayes_bow,2.574574266900428e-17,5.816319501436813e-25,1.0,3,P39.txt
90,regresion_bow,0.9871805460635231,0.007153360990955273,0.0056660929455217115,1,D64.txt
91,regresion_bow,0.09109785137990715,0.8914717594525301,0.017430389167562826,2,S23.txt
92,regresion_bow,0.0004923724908139707,1.9530468433444206e-05,0.9994880970407526,3,P36.txt
93,regresion_bow,0.7617349176782291,0.20134555604637439,0.03691952627539643,1,D8.txt
94,regresion_bow,0.028936327555256613,0.9658183347249266,0.005245337719816767,2,S18.txt
95,regresion_bow,0.0016111209266632142,2.4523526794831697e-05,0.9983643555465419,3,P36.txt
96,regresion_bow,0.9615550447988134,0.015478237431653517,0.02296671776953327,1,D68.txt
97,regresion_bow,0.0049228249560849865,0.9907992374343859,0.004277937609529165,2,S20.txt
98,regresion_bow,0.13077648789599278,0.16947139623260413,0.699752115871403,3,P11.txt
99,regresion_bow,0.9999932068028207,3.399434336184233e-07,6.4532537458595546e-06,1,D59.txt
100,regresion_bow,0.045295321629758065,0.9500085585276199,0.004696119842621893,2,S46.txt
101,regresion_bow,0.14176863284342775,0.13529612665269786,0.7229352405038744,3,P8.txt
102,regresion_bow,0.9897568916815844,0.007692272917649675,0.0025508354007659963,1,D3.txt
103,regresion_bow,0.020601544906716163,0.9747512139298304,0.004647241163453369,2,S54.txt
104,regresion_bow,9.194376172494398e-05,8.348003853368891e-06,0.9998997082344218,3,P65.txt
105,regresion_bow,0.9065684830018569,0.03949422731264497,0.05393728968549816,1,D24.txt
106,regresion_bow,0.0011723335366376469,0.9973361986208062,0.0014914678425560404,2,S56.txt
107,regresion_bow,1.371785987988546e-05,1.053534764214106e-05,0.9999757467924779,3,P2.txt
108,regresion_bow,0.9437137565236106,0.02237645561816904,0.03390978785822025,1,D34.txt
109,regresion_bow,0.00022987773512306802,0.9991179082005371,0.0006522140643397451,2,S89.txt
110,regresion_bow,0.011982321347339469,0.02667432897577013,0.9613433496768904,3,P45.txt
111,regresion_bow,0.9992735469895223,4.736406497090555e-06,0.0007217166039804576,1,D47.txt
112,regresion_bow,0.002826476350454387,0.9934598395582176,0.003713684091328181,2,S44.txt
113,regresion_bow,0.12864130665384738,0.039299383436732616,0.83205930990942,3,P43.txt
114,regresion_bow,0.9999657285937917,1.4834701092346856e-05,1.9436705115944276e-05,1,D36.txt
115,regresion_bow,0.02373137126188262,0.9710063461972256,0.005262282540891713,2,S53.txt
116,regresion_bow,0.15712034140301423,0.1342335892567421,0.7086460693402437,3,P52.txt
117,regresion_bow,0.9997617825535193,2.6534254918406617e-06,0.00023556402098876575,1,D45.txt
118,regresion_bow,0.045295321629758065,0.9500085585276199,0.004696119842621893,2,S86.txt
119,regresion_bow,0.00044891890442534096,6.055070803255418e-05,0.9994905303875422,3,P88.txt
120,regresion_bow,0.9999130075241234,2.2948081514409283e-07,8.67629950616516e-05,1,D47.txt
121,regresion_bow,0.04307951617610815,0.9491254535277796,0.0077950302961122715,2,S85.txt
122,regresion_bow,8.198556761372667e-05,5.084024065707088e-05,0.9998671741917292,3,P58.txt
123,regresion_bow,0.970595062886843,0.020106903494125822,0.009298033619031107,1,D13.txt
124,regresion_bow,0.00040461821804923387,0.9991443439908558,0.00045103779109487705,2,S80.txt
125,regresion_bow,0.0023874183927632808,0.0005056792112905574,0.9971069023959462,3,P37.txt
126,regresion_bow,0.9884342894122274,0.005618433232067884,0.005947277355704743,1,D82.txt
127,regresion_bow,0.020035345510341116,0.9695138561447589,0.010450798344899833,2,S39.txt
128,regresion_bow,0.0008213046492712121,0.00017621638372425946,0.9990024789670047,3,P17.txt
129,regresion_bow,0.9997671618296369,2.6301801781530607e-06,0.00023020799018483561,1,D6.txt
130,regresion_bow,0.18193375607655618,0.7562301385228357,0.06183610540060829,2,S90.txt
131,regresion_bow,1.1940728171399587e-06,1.715285503484038e-06,0.9999970906416793,3,P13.txt
132,regresion_bow,0.943879704421283,0.03627008902129117,0.019850206557425913,1,D42.txt
133,regresion_bow,0.0022899427969942147,0.9960316499367036,0.0016784072663023162,2,S62.txt
134,regresion_bow,4.941049158650669e-06,1.8919274766183698e-06,0.9999931670233647,3,P57.txt
135,regresion_bow,0.9999245025674071,1.7345477514970793e-05,5.8151955077834933e-05,1,D74.txt
136,regresion_bow,0.07434689835745054,0.9047320617725411,0.0209210398700084,2,S55.txt
137,regresion_bow,0.02177667228696917,0.014199829534433253,0.9640234981785977,3,P45.txt
138,regresion_bow,0.8864044286616479,0.03134670510089899,0.08224886623745314,1,D84.txt
139,regresion_bow,0.030182316936285616,0.9581198080574294,0.011697875006285016,2,S60.txt
140,regresion_bow,0.12772627997984004,0.00700915132774562,0.8652645686924143,3,P9.txt
141,regresion_bow,0.8756178523700798,0.09270626723752368,0.03167588039239645,1,D41.txt
142,regresion_bow,0.010479131508961147,0.9848924336433483,0.004628434847690627,2,S52.txt
143,regresion_bow,0.00034934765448846463,0.0001579098533096394,0.9994927424922019,3,P1.txt
144,regresion_bow,0.751372217605409,0.21446478254502052,0.034162999849570524,1,D22.txt
145,regresion_bow,0.18193375607655618,0.7562301385228357,0.06183610540060829,2,S50.txt
146,regresion_bow,0.0006765892582657921,0.0003220906807792351,0.999001320060955,3,P14.txt
147,regresion_bow,0.9999329350943281,1.4952123726834902e-06,6.55696932991359e-05,1,D6.txt
148,regresion_bow,4.2822833664008565e-05,0.9999178048577001,3.93723086358266e-05,2,S79.txt
149,regresion_bow,9.541012346301617e-07,1.474279907986101e-06,0.9999975716188574,3,P22.txt
150,regresion_bow,0.6324508718511985,0.32022656469367217,0.04732256345512942,1,D79.txt
151,regresion_bow,0.02782304724364445,0.9199786201855291,0.052198332570826594,2,S41.txt
152,regresion_bow,0.00010216617756450956,0.00011556073965112156,0.9997822730827843,3,P18.txt
153,regresion_bow,0.8056650483443514,0.13444885269105414,0.05988609896459451,1,D2.txt
154,regresion_bow,0.0059490145864629475,0.9913262846624069,0.00272470075113008,2,S7.txt
155,regresion_bow,1.8141546418772867e-05,5.757140817596003e-06,0.9999761013127637,3,P51.txt
156,regresion_bow,0.7999837031153451,0.13376622970782895,0.06625006717682595,1,D62.txt
157,regresion_bow,0.004381444870077845,0.9932853803452052,0.00233317478471698,2,S6.txt
158,regresion_bow,0.16363736018222813,0.06373698922691276,0.7726256505908592,3,P43.txt
159,regresion_bow,0.9939761869482392,0.0020566332897739106,0.003967179761986912,1,D52.txt
160,regresion_bow,0.06235877402627434,0.9236032017298166,0.014038024243909082,2,S17.txt
161,regresion_bow,0.06121890476502337,0.006146745284438084,0.9326343499505385,3,P79.txt
162,regresion_bow,0.9855653948339361,0.00758870677539603,0.00684589839066782,1,D25.txt
163,regresion_bow,0.0036512968870987747,0.9926807603340284,0.003667942778872687,2,S20.txt
164,regresion_bow,0.006057559170706448,0.00266360347766305,0.9912788373516306,3,P85.txt
165,regresion_bow,0.9791432381832139,0.010478135567001038,0.010378626249785002,1,D88.txt
166,regresion_bow,0.013075287766458547,0.9645048598332621,0.022419852400279418,2,S42.txt
167,regresion_bow,0.05831207937811595,0.01176374372689982,0.9299241768949842,3,P67.txt
168,regresion_bow,0.9926796432664315,0.0021553067884358466,0.005165049945132697,1,D60.txt
169,regresion_bow,0.006372280038472122,0.9902944202999564,0.0033332996615712943,2,S29.txt
170,regresion_bow,0.035339378306366374,0.010746399122160553,0.9539142225714731,3,P20.txt
171,regresion_bow,0.9406918820146962,0.013930017514722474,0.04537810047058131,1,D27.txt
172,regresion_bow,0.020822369126468333,0.9670852695735257,0.012092361300006038,2,S86.txt
173,regresion_bow,1.8425431883414335e-07,6.777272049863865e-07,0.9999991380184761,3,P27.txt
174,regresion_bow,0.9706259393431277,0.02003484296312834,0.009339217693744139,1,D43.txt
175,regresion_bow,0.050134314587596394,0.9368235627908563,0.013042122621547261,2,S58.txt
176,regresion_bow,0.5313958758245896,0.3997980154484189,0.06880610872699143,3,Fuentes.txt
177,regresion_bow,0.7152560123513955,0.24729724633164626,0.037446741316958236,1,D22.txt
178,regresion_bow,0.07070360914934455,0.905645178147925,0.023651212702730615,2,S90.txt
179,regresion_bow,0.029700301563607936,0.038711195926203625,0.9315885025101884,3,P39.txt
180,bayes_tfidf,1.0,6.783058252706104e-28,6.00537802299822e-45,1,D64.txt
181,bayes_tfidf,2.799422473465058e-24,1.0,8.850142940399961e-51,2,S23.txt
182,bayes_tfidf,8.683402768850138e-44,1.080036512139635e-76,1.0,3,P36.txt
183,bayes_tfidf,0.9999999999679403,3.204459235742315e-11,4.688120461523909e-39,1,D8.txt
184,bayes_tfidf,1.2721544443288435e-29,1.0,4.2808242274680334e-52,2,S18.txt
185,bayes_tfidf,2.0551725944688774e-41,1.0636877613269413e-69,1.0,3,P36.txt
186,bayes_tfidf,1.0,4.988759279436802e-33,3.1261351482397237e-49,1,D68.txt
187,bayes_tfidf,2.5807027370772715e-29,1.0,3.8941033083932192e-50,2,S20.txt
188,bayes_tfidf,1.85688144501462e-08,6.747029950280937e-06,0.9999932344012807,3,P11.txt
189,bayes_tfidf,1.0,1.743369516208437e-47,3.0117842445048147e-35,1,D59.txt
190,bayes_tfidf,2.449235421952036e-30,1.0,7.947626678579537e-48,2,S46.txt
191,bayes_tfidf,0.00029223364812668907,0.23436654708937857,0.7653412192625078,3,P8.txt
192,bayes_tfidf,1.0,9.35845655995148e-31,4.538284517040114e-50,1,D3.txt
193,bayes_tfidf,1.8153750338629383e-30,1.0,1.932291936296992e-55,2,S54.txt
194,bayes_tfidf,2.9719315197714523e-77,4.5268696317561986e-91,1.0,3,P65.txt
195,bayes_tfidf,1.0,3.414751935257954e-18,2.431409398580719e-33,1,D24.txt
196,bayes_tfidf,3.662890212828794e-56,1.0,2.581092057798521e-72,2,S56.txt
197,bayes_tfidf,2.3221716446980296e-63,5.039828463836567e-79,1.0,3,P2.txt
198,bayes_tfidf,1.0,7.035091507063881e-21,6.272083072639597e-41,1,D34.txt
199,bayes_tfidf,6.432503931214272e-128,1.0,1.9071725848743157e-105,2,S89.txt
200,bayes_tfidf,6.004403315225749e-33,3.9409369239163835e-36,1.0,3,P45.txt
201,bayes_tfidf,1.0,2.1696672798968145e-48,7.601799910001413e-32,1,D47.txt
202,bayes_tfidf,1.1017608520941595e-18,1.0,9.609841350391086e-35,2,S44.txt
203,bayes_tfidf,1.6912900207183084e-16,4.672221899795106e-21,1.0,3,P43.txt
204,bayes_tfidf,1.0,2.1669264091783022e-47,2.8441425597244885e-44,1,D36.txt
205,bayes_tfidf,6.622569161834242e-31,1.0,1.3660894824161606e-58,2,S53.txt
206,bayes_tfidf,1.2375195930567866e-22,5.989769365863007e-16,1.0,3,P52.txt
207,bayes_tfidf,1.0,7.255242564252385e-43,4.4304514647485004e-41,1,D45.txt
208,bayes_tfidf,2.449235421952036e-30,1.0,7.947626678579537e-48,2,S86.txt
209,bayes_tfidf,3.7360149657604896e-38,1.300507809183012e-64,1.0,3,P88.txt
210,bayes_tfidf,1.0,1.9639223049668533e-66,2.8355730027925347e-47,1,D47.txt
211,bayes_tfidf,1.8138229589775842e-30,1.0,6.633796959996013e-43,2,S85.txt
212,bayes_tfidf,1.1065846750670273e-49,7.771414653043072e-72,1.0,3,P58.txt
213,bayes_tfidf,1.0,3.5587984475652647e-22,4.8281460351420986e-49,1,D13.txt
214,bayes_tfidf,1.5224056679628819e-58,1.0,2.572216678701649e-65,2,S80.txt
215,bayes_tfidf,1.254999329183853e-41,7.555999499243439e-66,1.0,3,P37.txt
216,bayes_tfidf,1.0,2.1007097855904053e-24,3.1605825716200274e-42,1,D82.txt
217,bayes_tfidf,2.1278186640029616e-32,1.0,6.166046803388925e-51,2,S39.txt
218,bayes_tfidf,2.2549798112299375e-36,3.199878053477175e-43,1.0,3,P17.txt
219,bayes_tfidf,1.0,2.9281451588894556e-56,1.5968739845238703e-44,1,D6.txt
220,bayes_tfidf,5.389612642170874e-25,1.0,1.807316810223603e-38,2,S90.txt
221,bayes_tfidf,1.1030359738094731e-48,8.4312954776164e-69,1.0,3,P13.txt
222,bayes_tfidf,1.0,3.577414529016488e-26,1.8429320170609352e-34,1,D42.txt
223,bayes_tfidf,8.394354828660155e-42,1.0,1.0937232531588214e-63,2,S62.txt
224,bayes_tfidf,1.3384562469268482e-83,1.4056593851076693e-86,1.0,3,P57.txt
225,bayes_tfidf,1.0,1.2228678175200328e-49,2.3925701436904133e-59,1,D74.txt
226,bayes_tfidf,1.151267948508383e-27,1.0,3.86668646760054e-49,2,S55.txt
227,bayes_tfidf,1.0010445001990951e-21,7.958395826105216e-34,1.0,3,P45.txt
228,bayes_tfidf,1.0,4.5355657479917e-18,4.377446138709017e-34,1,D84.txt
229,bayes_tfidf,1.7852503234780469e-31,1.0,3.582808156077389e-52,2,S60.txt
230,bayes_tfidf,1.6345968373785503e-15,3.0187465619110953e-47,1.0,3,P9.txt
231,bayes_tfidf,1.0,9.42426159136506e-18,4.47063354762448e-37,1,D41.txt
232,bayes_tfidf,3.5126601364829756e-30,1.0,1.6142849267581917e-60,2,S52.txt
233,bayes_tfidf,4.543891085296549e-61,1.6318034419927989e-56,1.0,3,P1.txt
234,bayes_tfidf,0.9999993722750825,6.277249120520822e-07,1.2699418583987515e-36,1,D22.txt
235,bayes_tfidf,5.389612642170874e-25,1.0,1.807316810223603e-38,2,S50.txt
236,bayes_tfidf,2.9193709372511076e-37,2.7749737234928452e-49,1.0,3,P14.txt
237,bayes_tfidf,1.0,1.336083062983875e-44,3.4644405747170186e-41,1,D6.txt
238,bayes_tfidf,1.5754534041855136e-59,1.0,1.0747445393964477e-64,2,S79.txt
239,bayes_tfidf,3.827601996097683e-44,7.879896972816027e-70,1.0,3,P22.txt
240,bayes_tfidf,0.999905394961672,9.46050383065914e-05,6.9445390270646355e-37,1,D79.txt
241,bayes_tfidf,1.0959375738389383e-57,1.0,2.1321689135629996e-48,2,S41.txt
242,bayes_tfidf,1.4232203915175014e-58,1.3443732322887469e-65,1.0,3,P18.txt
243,bayes_tfidf,0.999999999986585,1.3419164959710635e-11,2.837421026060467e-28,1,D2.txt
244,bayes_tfidf,9.623913729437643e-43,1.0,4.839892384102495e-63,2,S7.txt
245,bayes_tfidf,4.634333624059308e-42,6.462260083097557e-57,1.0,3,P51.txt
246,bayes_tfidf,0.9999999984045189,1.5955033719076314e-09,7.829716462071168e-30,1,D62.txt
247,bayes_tfidf,4.6635373794045535e-42,1.0,3.527015297229658e-66,2,S6.txt
248,bayes_tfidf,1.4494899282792766e-16,4.8225479420461015e-15,1.0,3,P43.txt
249,bayes_tfidf,1.0,1.5400964472738082e-41,4.826005614039008e-44,1,D52.txt
250,bayes_tfidf,1.0004717314832186e-20,1.0,3.2678257297292944e-43,2,S17.txt
251,bayes_tfidf,6.030290216747927e-27,3.57784489245166e-46,1.0,3,P79.txt
252,bayes_tfidf,1.0,1.290898567207256e-22,7.660088604368209e-39,1,D25.txt
253,bayes_tfidf,4.1598223765303916e-38,1.0,3.6665040576949176e-57,2,S20.txt
254,bayes_tfidf,1.4298491963572453e-36,6.842115421600803e-39,1.0,3,P85.txt
255,bayes_tfidf,1.0,1.6661990818750022e-29,4.442177968753379e-40,1,D88.txt
256,bayes_tfidf,2.746562217939173e-45,1.0,6.159541593678733e-56,2,S42.txt
257,bayes_tfidf,5.918356699025282e-23,1.2914200140031033e-28,1.0,3,P67.txt
258,bayes_tfidf,1.0,7.127927521724292e-56,8.303525969946608e-46,1,D60.txt
259,bayes_tfidf,3.9558890379038606e-26,1.0,8.783813486550744e-50,2,S29.txt
260,bayes_tfidf,1.3883602498508387e-22,2.7154480797025435e-35,1.0,3,P20.txt
261,bayes_tfidf,1.0,2.696330932438769e-29,6.855411944442267e-29,1,D27.txt
262,bayes_tfidf,6.552727264789783e-38,1.0,3.1993983700389634e-40,2,S86.txt
263,bayes_tfidf,2.4517848043226535e-67,1.6701982816033683e-66,1.0,3,P27.txt
264,bayes_tfidf,1.0,5.107827396993668e-25,1.8881971988559385e-44,1,D43.txt
265,bayes_tfidf,3.310472504876617e-31,1.0,1.0984940817095667e-48,2,S58.txt
266,bayes_tfidf,0.05132828861490713,0.9486717113851061,6.813992435886984e-33,3,Fuentes.txt
267,bayes_tfidf,0.9999992178814171,7.821185827653301e-07,2.028754566880297e-37,1,D22.txt
268,bayes_tfidf,9.60483200867191e-22,1.0,9.86425760721188e-44,2,S90.txt
269,bayes_tfidf,2.574574266900428e-17,5.816319501438136e-25,1.0,3,P39.txt
270,regresion_tfidf,0.5514169762920458,0.21887004612272748,0.22971297758522669,1,D64.txt
271,regresion_tfidf,0.27070325488004443,0.503954235322396,0.22534250979755954,2,S23.txt
272,regresion_tfidf,0.2540800393850754,0.17448242486121,0.5714375357537146,3,P36.txt
273,regresion_tfidf,0.5360406594922269,0.23331169149274122,0.23064764901503182,1,D8.txt
274,regresion_tfidf,0.2595388613688835,0.5221663686498168,0.21829476998129968,2,S18.txt
275,regresion_tfidf,0.2461210548538574,0.15868138424872216,0.5951975608974205,3,P36.txt
276,regresion_tfidf,0.5407119736878981,0.21718724633150718,0.24210077998059473,1,D68.txt
277,regresion_tfidf,0.19969477691466306,0.6073313480524937,0.19297387503284325,2,S20.txt
278,regresion_tfidf,0.2831767570140523,0.28178860039749043,0.43503464258845725,3,P11.txt
279,regresion_tfidf,0.6540548630645657,0.16101491134668416,0.18493022558875008,1,D59.txt
280,regresion_tfidf,0.28052481087756714,0.513943000685997,0.20553218843643595,2,S46.txt
281,regresion_tfidf,0.26569638117773947,0.25599410425423463,0.4783095145680258,3,P8.txt
282,regresion_tfidf,0.6281274637177997,0.18467847666985035,0.18719405961234983,1,D3.txt
283,regresion_tfidf,0.20252655315368828,0.6181077843178543,0.17936566252845731,2,S54.txt
284,regresion_tfidf,0.1582370882621971,0.11786770144003766,0.7238952102977653,3,P65.txt
285,regresion_tfidf,0.47619460677249525,0.23851030984397412,0.28529508338353077,1,D24.txt
286,regresion_tfidf,0.15991212121644993,0.674066007674345,0.1660218711092051,2,S56.txt
287,regresion_tfidf,0.1425331422395566,0.12324650066926274,0.7342203570911806,3,P2.txt
288,regresion_tfidf,0.49721735107595433,0.2389676260348249,0.2638150228892208,1,D34.txt
289,regresion_tfidf,0.19634932138109187,0.6047033044413371,0.19894737417757097,2,S89.txt
290,regresion_tfidf,0.2402209973736954,0.2570532301469745,0.5027257724793301,3,P45.txt
291,regresion_tfidf,0.6352112810482954,0.15430436891578597,0.2104843500359186,1,D47.txt
292,regresion_tfidf,0.23559203953948274,0.5587026488724466,0.20570531158807062,2,S44.txt
293,regresion_tfidf,0.2987400623307099,0.2686150261240504,0.43264491154523976,3,P43.txt
294,regresion_tfidf,0.626917623394288,0.1867929899772483,0.1862893866284637,1,D36.txt
295,regresion_tfidf,0.2417943964831405,0.5635623227857386,0.1946432807311209,2,S53.txt
296,regresion_tfidf,0.2486418408734078,0.24597392712665986,0.5053842319999323,3,P52.txt
297,regresion_tfidf,0.6111524420988694,0.17023972128779025,0.21860783661334027,1,D45.txt
298,regresion_tfidf,0.28052481087756714,0.513943000685997,0.20553218843643595,2,S86.txt
299,regresion_tfidf,0.2428036092757676,0.16651884804596423,0.5906775426782682,3,P88.txt
300,regresion_tfidf,0.6845514467627782,0.13082063376915828,0.18462791946806348,1,D47.txt
301,regresion_tfidf,0.2785467887879512,0.5087991852475828,0.2126540259644661,2,S85.txt
302,regresion_tfidf,0.1809722016542651,0.14843968451224454,0.6705881138334904,3,P58.txt
303,regresion_tfidf,0.5826130811577068,0.2158426677084376,0.20154425113385552,1,D13.txt
304,regresion_tfidf,0.22770295518554645,0.5650431343359351,0.2072539104785185,2,S80.txt
305,regresion_tfidf,0.23570025164819974,0.17370235121764446,0.5905973971341558,3,P37.txt
306,regresion_tfidf,0.5668215120596242,0.19825146574797217,0.23492702219240355,1,D82.txt
307,regresion_tfidf,0.18237164112995966,0.6265176658144443,0.191110693055596,2,S39.txt
308,regresion_tfidf,0.17864982665730814,0.14363995101802862,0.6777102223246633,3,P17.txt
309,regresion_tfidf,0.6599845285849666,0.13002486856736592,0.20999060284766746,1,D6.txt
310,regresion_tfidf,0.2987540041441388,0.42650774204286535,0.274738253812996,2,S90.txt
311,regresion_tfidf,0.16698665368738316,0.13795279298208107,0.6950605533305357,3,P13.txt
312,regresion_tfidf,0.525662782552483,0.2198291261643265,0.25450809128319046,1,D42.txt
313,regresion_tfidf,0.17384433483053638,0.6544361646311562,0.1717195005383074,2,S62.txt
314,regresion_tfidf,0.16930066991716833,0.1522570263494439,0.6784423037333879,3,P57.txt
315,regresion_tfidf,0.6967078844099693,0.13868038035562175,0.16461173523440903,1,D74.txt
316,regresion_tfidf,0.25878621106659366,0.502475010525864,0.2387387784075422,2,S55.txt
317,regresion_tfidf,0.2522245136040747,0.23139551478836048,0.5163799716075648,3,P45.txt
318,regresion_tfidf,0.4486823578751652,0.23726295521408855,0.31405468691074623,1,D84.txt
319,regresion_tfidf,0.1874144637592919,0.6160414118143667,0.19654412442634137,2,S60.txt
320,regresion_tfidf,0.3022442787435854,0.19768485526346477,0.5000708659929498,3,P9.txt
321,regresion_tfidf,0.4648040552538447,0.2556443828850344,0.27955156186112096,1,D41.txt
322,regresion_tfidf,0.2052350158549016,0.6043483772288131,0.1904166069162854,2,S52.txt
323,regresion_tfidf,0.20228035988988557,0.1885335413952228,0.6091860987148916,3,P1.txt
324,regresion_tfidf,0.560398411614847,0.22563691325639912,0.21396467512875392,1,D22.txt
325,regresion_tfidf,0.2987540041441388,0.42650774204286535,0.274738253812996,2,S50.txt
326,regresion_tfidf,0.18693354292326655,0.16072802425836433,0.6523384328183691,3,P14.txt
327,regresion_tfidf,0.6819978713607415,0.131245249994672,0.18675687864458648,1,D6.txt
328,regresion_tfidf,0.16035522728512586,0.6918502999158133,0.14779447279906102,2,S79.txt
329,regresion_tfidf,0.14159765439335686,0.11071247534875454,0.7476898702578886,3,P22.txt
330,regresion_tfidf,0.4361892264983998,0.31277517237903046,0.2510356011225696,1,D79.txt
331,regresion_tfidf,0.23184818460273457,0.4962167394473302,0.2719350759499353,2,S41.txt
332,regresion_tfidf,0.17184286029563509,0.1564560601199345,0.6717010795844305,3,P18.txt
333,regresion_tfidf,0.42874234728126015,0.2436948577292929,0.327562794989447,1,D2.txt
334,regresion_tfidf,0.1864072369128732,0.6398791023842756,0.17371366070285127,2,S7.txt
335,regresion_tfidf,0.1766372852815355,0.1397525036177889,0.6836102111006757,3,P51.txt
336,regresion_tfidf,0.43935753856093546,0.28055615757021046,0.280086303868854,1,D62.txt
337,regresion_tfidf,0.16768731503626225,0.6795481030396106,0.15276458192412715,2,S6.txt
338,regresion_tfidf,0.3092046260893931,0.27754447580333746,0.4132508981072695,3,P43.txt
339,regresion_tfidf,0.5948460415963804,0.16912460035825266,0.23602935804536684,1,D52.txt
340,regresion_tfidf,0.2688862303138532,0.4866769532065263,0.24443681647962037,2,S17.txt
341,regresion_tfidf,0.3016398699683763,0.20010742635734138,0.49825270367428237,3,P79.txt
342,regresion_tfidf,0.5534610021370712,0.21934109866953924,0.22719789919338962,1,D25.txt
343,regresion_tfidf,0.183722340362644,0.6337383023161698,0.18253935732118617,2,S20.txt
344,regresion_tfidf,0.2191150075508833,0.19677761507550764,0.5841073773736091,3,P85.txt
345,regresion_tfidf,0.60385244312821,0.17431221279317008,0.22183534407861993,1,D88.txt
346,regresion_tfidf,0.26540973330495643,0.48433639297740255,0.250253873717641,2,S42.txt
347,regresion_tfidf,0.2718276033842237,0.21823818551726207,0.5099342110985143,3,P67.txt
348,regresion_tfidf,0.5676809059345981,0.20256028124532838,0.22975881282007365,1,D60.txt
349,regresion_tfidf,0.20735974539245627,0.6048695954303347,0.18777065917720903,2,S29.txt
350,regresion_tfidf,0.23705678117977574,0.1720636761573027,0.5908795426629215,3,P20.txt
351,regresion_tfidf,0.4707463755299289,0.23405947687446294,0.2951941475956082,1,D27.txt
352,regresion_tfidf,0.2494676501021749,0.518036163266675,0.23249618663115007,2,S86.txt
353,regresion_tfidf,0.13415153633701096,0.13715210347079573,0.7286963601921933,3,P27.txt
354,regresion_tfidf,0.5843432052081526,0.19510957606148863,0.22054721873035862,1,D43.txt
355,regresion_tfidf,0.2504341227522357,0.5217101531413518,0.22785572410641255,2,S58.txt
356,regresion_tfidf,0.3598172178302905,0.30482213975645034,0.33536064241325925,3,Fuentes.txt
357,regresion_tfidf,0.5495822531220771,0.23147776183760782,0.21893998504031506,1,D22.txt
358,regresion_tfidf,0.29548120295299435,0.4547835741993694,0.24973522284763636,2,S90.txt
359,regresion_tfidf,0.24841147634357288,0.23563224254145573,0.5159562811149714,3,P39.txt
